29 29 29 29 29 29 29 29 29 29 29 29 29 29 29 29 28 25 25 25 25 25 25 25 25 22 22 22 22 22 22 22 22 22 27 29 29 29 29 29 29 29 29 29 29 29 29 29 29 29
29 29 29 29 29 29 29 29 29 29 29 29 29 29 29 29 28 25 25 25 25 25 25 25 25 21 22 22 22 22 22 22 22 22 27 29 29 29 29 29 29 29 29 29 29 29 29 29 29 29
29 29 29 29 29 29 29 29 29 29 29 29 29 29 29 29 28 25 25 25 25 25 25 25 25 22 22 22 22 22 22 22 22 22 22 29 29 29 29 29 29 29 29 29 29 29 29 29 29 29
29 29 29 29 29 29 29 29 29 29 29 29 29 29 29 29 28 25 25 25 25 25 25 25 25 22 22 22 22 22 22 22 22 22 27 29 29 29 29 29 29 29 29 29 29 29 29 29 29 29
29 29 29 29 29 29 29 29 29 29 29 29 29 29 29 29 28 25 25 25 25 25 25 25 25 22 22 22 22 22 22 22 22 24 27 29 29 29 29 29 29 29 29 29 29 29 29 29 29 29
29 29 29 29 29 29 29 29 29 29 29 29 29 29 29 29 28 25 25 25 25 25 25 25 25 21 22 22 22 22 22 22 22 22 27 29 29 29 29 29 29 29 29 29 29 29 29 29 29 29
29 29 29 29 29 29 29 29 29 29 29 29 29 29 29 29 28 25 25 25 25 25 25 25 25 21 22 22 22 23 23 23 23 23 27 29 29 29 29 29 29 29 29 29 29 29 29 29 29 29
29 29 29 29 29 29 29 29 29 29 29 29 29 29 29 29 28 25 25 25 25 25 25 25 25 25 25 25 25 25 25 25 25 25 27 29 29 29 29 29 29 29 29 29 29 29 29 29 29 29
29 29 29 29 29 29 29 29 29 29 29 29 29 29 29 29 28 25 25 25 25 25 25 25 25 25 25 25 25 25 25 25 25 25 27 29 29 29 29 29 29 29 29 29 29 29 29 29 29 29
30 30 30 30 30 30 30 30 30 30 30 30 30 30 30 30 30 25 25 25 25 25 25 25 25 25 25 25 25 25 25 25 25 25 27 29 29 29 29 29 29 29 29 29 29 29 29 29 29 29
25 25 25 25 25 25 25 25 25 25 25 25 25 25 25 25 25 25 25 25 25 25 25 25 25 25 25 25 25 25 25 25 25 25 27 29 29 29 29 29 29 29 29 29 29 29 29 29 29 29
25 25 25 25 25 25 25 25 25 25 25 25 25 25 25 25 25 25 25 25 25 25 25 25 25 25 25 25 25 25 25 25 25 25 27 29 29 29 29 29 29 29 29 29 29 29 29 29 29 29
25 25 25 25 25 25 25 25 25 25 25 25 25 25 25 25 25 25 25 25 25 25 25 25 25 25 25 25 25 25 25 25 25 25 27 29 29 29 29 29 29 29 29 29 29 29 29 29 29 29
25 25 25 25 25 25 25 25 25 25 25 25 25 25 25 25 25 25 25 25 25 25 25 25 25 25 25 25 25 25 25 25 25 25 27 29 29 29 29 29 29 29 29 29 29 29 29 29 29 29
25 25 25 25 25 25 25 25 25 25 25 25 25 25 25 25 25 25 25 25 25 25 25 25 25 25 25 25 25 25 25 25 25 25 27 29 29 29 29 29 29 29 29 29 29 29 29 29 29 29
25 25 25 25 25 25 25 25 25 25 25 25 25 25 25 25 25 25 25 25 25 25 25 25 19 19 19 19 19 19 19 19 19 19 27 30 30 30 30 30 30 30 30 30 30 30 30 30 30 30
25 25 25 25 25 25 25 25 25 25 25 25 25 25 25 25 25 25 25 25 25 25 25 25 25 25 25 25 25 25 25 25 25 25 25 25 25 25 25 25 25 25 25 25 25 25 25 25 25 25
25 25 25 25 25 25 25 25 25 25 25 25 25 25 25 25 25 25 25 25 25 25 25 25 25 25 25 25 25 25 25 25 25 25 25 25 25 25 25 18 18 18 18 18 25 25 25 25 25 25
25 25 25 18 18 18 18 18 25 25 25 25 25 25 25 25 25 25 25 25 25 25 25 25 17 25 25 25 25 25 25 25 25 25 25 25 25 25 25 18 18 18 18 18 25 25 25 25 25 25
25 25 25 18 18 18 18 18 25 25 25 25 25 25 25 25 25 25 25 25 25 25 25 25 17 25 25 25 25 25 25 25 25 25 25 25 25 25 25 18 18 18 18 18 25 25 25 25 25 25
25 25 25 18 18 18 18 18 25 25 25 25 25 25 25 25 25 25 25 25 25 25 25 25 17 25 25 25 25 25 25 25 25 25 25 25 25 25 25 18 18 18 18 18 25 25 25 25 25 25
25 25 25 18 18 18 18 18 25 18 18 18 18 25 25 25 25 25 25 25 25 25 25 25 17 19 19 19 25 25 25 25 25 25 25 25 25 25 25 25 25 25 25 25 25 25 25 25 25 25
25 25 25 18 18 18 18 18 25 18 18 18 18 25 25 25 25 25 25 25 25 25 25 25 25 25 25 25 19 19 19 19 19 19 19 19 19 19 19 19 19 19 19 19 19 19 19 19 19 19
25 25 25 25 25 25 25 25 25 18 18 18 18 25 25 25 25 25 25 25 25 25 25 25 25 25 25 25 25 25 25 25 25 25 25 25 25 25 25 25 25 25 25 25 25 25 25 25 25 25
25 25 25 25 25 25 25 25 25 18 18 18 18 25 25 25 25 25 25 25 25 25 25 25 25 25 25 25 25 25 25 25 25 25 25 25 25 25 25 25 25 25 25 25 25 25 25 25 25 25
25 25 25 25 25 25 25 25 25 25 25 25 25 25 25 25 25 25 25 25 25 25 25 25 25 25 25 25 25 25 25 25 25 25 25 25 25 25 25 25 25 25 25 25 25 25 25 25 25 25
25 25 25 25 25 25 25 25 25 25 25 25 25 25 25 25 25 25 25 25 18 18 25 25 25 25 25 25 25 25 25 25 25 25 25 25 25 25 25 25 25 25 25 25 25 25 25 25 25 25
25 25 25 25 25 25 25 25 25 25 25 25 25 25 25 25 25 25 25 25 18 18 25 25 25 25 25 25 25 25 25 25 25 25 25 25 25 25 25 25 25 25 25 25 25 25 25 25 25 25
25 25 25 25 25 25 25 25 25 25 25 25 25 25 25 25 25 25 25 25 25 25 25 25 25 25 25 25 25 25 25 25 25 25 25 25 25 25 25 25 25 25 25 25 25 25 25 25 25 25
25 25 25 25 25 25 25 25 25 25 25 25 25 25 25 25 25 25 25 25 25 25 25 25 25 25 25 25 25 25 25 25 25 25 25 25 25 25 25 25 25 25 25 25 25 25 25 25 25 25
25 25 25 25 25 25 25 25 25 25 25 25 25 25 25 25 25 25 25 25 25 25 25 25 25 25 25 25 25 25 25 25 25 25 25 25 25 25 25 25 25 25 25 25 25 25 25 25 25 25
25 25 25 25 25 25 25 25 25 25 25 25 25 25 25 25 25 25 25 25 25 25 25 25 25 25 25 25 25 25 25 25 25 25 25 25 25 25 25 25 25 25 25 25 25 25 25 25 25 25
25 25 25 25 25 25 25 25 25 25 25 25 25 25 25 25 25 25 25 25 25 25 25 25 25 25 25 25 25 25 25 25 25 25 25 25 25 25 25 25 25 25 25 25 25 25 25 25 25 25
25 25 25 25 25 25 25 25 25 25 25 25 25 25 25 25 25 25 25 25 25 25 25 25 25 25 25 25 25 25 25 25 25 25 25 25 25 25 25 25 25 25 25 25 25 25 25 25 25 25
25 25 25 25 25 25 25 25 25 25 25 25 25 25 25 25 25 25 25 25 25 25 25 25 25 25 25 25 25 19 19 19 19 19 19 19 19 19 19 19 19 19 19 19 19 19 19 19 19 16
25 25 25 25 25 25 25 25 25 25 25 25 25 25 25 25 25 25 25 25 25 25 25 25 25 25 25 25 25 25 25 25 25 25 25 25 25 25 25 25 25 25 25 25 25 25 25 25 25 25
25 25 25 25 25 25 25 25 25 25 25 25 25 25 25 25 25 25 25 25 25 25 25 25 25 25 25 25 17 25 25 25 25 25 25 25 25 25 25 25 25 25 25 25 25 25 25 25 25 25
25 25 25 25 25 25 25 25 25 25 25 25 25 25 25 25 25 25 25 25 25 25 25 25 25 25 25 25 17 25 25 25 25 25 25 25 25 25 25 25 25 25 25 25 25 25 25 25 25 25
19 19 19 19 19 19 19 19 19 19 19 19 19 19 19 19 32 25 25 25 25 25 25 25 25 25 25 25 17 25 25 25 25 25 25 25 25 25 25 25 25 25 25 25 25 25 25 25 25 25
29 29 29 29 29 29 29 29 29 29 29 29 29 29 29 29 25 25 25 25 25 25 25 25 25 25 25 25 17 25 25 25 25 25 25 25 25 25 25 25 25 25 25 25 25 25 25 25 25 25
29 29 29 29 29 29 29 29 29 29 29 29 29 29 29 29 25 25 25 25 25 25 25 25 25 25 25 25 17 25 25 25 25 25 25 25 25 25 25 25 25 25 25 25 25 25 25 25 25 25
29 29 29 29 29 29 29 29 29 29 29 29 29 29 29 29 25 25 25 25 25 25 25 25 25 25 25 25 17 25 25 25 25 25 21 22 22 22 22 22 22 22 22 22 22 22 22 22 22 24
29 29 29 29 29 29 29 29 29 29 29 29 29 29 29 29 25 25 25 25 25 25 25 25 25 25 25 25 17 25 25 25 25 25 22 22 22 22 22 22 22 22 22 22 22 22 22 22 22 24
29 29 29 29 29 29 29 29 29 29 29 29 29 29 29 29 25 25 25 25 25 25 25 25 25 25 25 25 17 25 25 25 25 25 22 22 22 22 22 22 22 22 22 22 22 22 22 22 22 24
29 29 29 29 29 29 29 29 29 29 29 29 29 29 29 29 25 25 25 25 25 25 25 25 25 25 25 25 17 25 25 25 25 25 22 22 22 22 22 22 22 22 22 22 22 22 22 22 22 24
29 29 29 29 29 29 29 29 29 29 29 29 29 29 29 29 25 25 25 25 25 25 25 25 25 25 25 25 17 25 25 25 25 25 22 22 22 22 22 22 22 22 22 22 22 22 22 22 22 24
29 29 29 29 29 29 29 29 29 29 29 29 29 29 29 29 25 25 25 25 25 25 25 25 25 25 25 25 17 25 25 25 25 25 22 22 22 22 22 22 22 22 22 22 22 22 22 22 22 24
29 29 29 29 29 29 29 29 29 29 29 29 29 29 29 29 25 25 25 25 25 25 25 25 25 25 25 25 17 25 25 25 25 25 22 22 22 22 22 22 22 22 22 22 22 22 22 22 22 24
29 29 29 29 29 29 29 29 29 29 29 29 29 29 29 29 25 25 25 25 25 25 25 25 25 25 25 25 17 25 25 25 25 25 22 22 22 22 22 22 22 22 22 22 22 22 22 22 22 24
29 29 29 29 29 29 29 29 29 29 29 29 29 29 29 29 25 25 25 25 25 25 25 25 25 25 25 25 17 25 25 25 25 25 21 23 22 22 22 22 22 22 23 23 23 23 23 24 23 24